0.618368964 0.668799995 0.692502529 0.509761785 0.285714286 0.313725490 0.055555556 0.137931034 0.147540984 0.236363636 0.426966292 0.703799686 0.400368550 0.501737730
0.545526519 0.529599976 0.552995167 0.589845600 0.267857143 0.313725490 0.138888889 0.172413793 0.229508197 0.181818182 0.370786517 0.928577024 0.061490965 0.517810471
0.761203489 0.761120004 0.801884654 0.397677719 0.250000000 0.274509804 0.027777778 0.103448276 0.131147541 0.163636364 0.449438202 0.570819810 1.000000000 0.501737730
0.639746644 0.624799994 0.784915272 0.423190400 0.321428571 0.431372549 0.027777778 0.241379310 0.098360656 0.200000000 0.494382022 0.506949467 0.558008551 0.552878984
0.602533652 0.639199986 0.690990315 0.523870447 0.357142857 0.274509804 0.083333333 0.137931034 0.213114754 0.218181818 0.348314607 0.697540857 0.109628509 0.412913210
0.661916073 0.697599979 0.726057534 0.474604408 0.285714286 0.294117647 0.055555556 0.137931034 0.213114754 0.181818182 0.337078652 0.660900467 0.206103678 0.485664990
0.728107687 0.784799997 0.800984737 0.402914346 0.321428571 0.235294118 0.055555556 0.068965517 0.262295082 0.090909091 0.269662921 0.505043357 0.057089178 0.402463201
0.627870159 0.618400002 0.687539762 0.512535888 0.339285714 0.392156863 0.083333333 0.068965517 0.163934426 0.127272727 0.494382022 0.613692918 0.333063224 0.514820495
0.750593830 0.736799996 0.785942134 0.430350079 0.285714286 0.274509804 0.250000000 0.137931034 0.147540984 0.181818182 0.438202247 0.549202437 1.000000000 0.468646033
0.681472692 0.666959995 0.799280076 0.408858143 0.321428571 0.313725490 0.166666667 0.482758621 0.180327869 0.127272727 0.426966292 0.512896268 0.009894017 0.472129370
0.712430727 0.752639996 0.800659211 0.403775981 0.303571429 0.294117647 0.111111111 0.034482759 0.245901639 0.163636364 0.393258427 0.487889675 0.276056079 0.470484461
0.666191615 0.660319987 0.722706313 0.494676713 0.250000000 0.392156863 0.111111111 0.034482759 0.229508197 0.181818182 0.426966292 0.654798305 0.118416077 0.590562251
0.624703081 0.609599978 0.702370166 0.452949737 0.339285714 0.392156863 0.111111111 0.034482759 0.147540984 0.163636364 0.460674157 0.640364093 0.057089178 0.514820495
0.756452912 0.747519996 0.833381190 0.359798830 0.214285714 0.392156863 0.027777778 0.137931034 0.147540984 0.072727273 0.471910112 0.518683792 1.000000000 0.626749685
0.729216151 0.760799996 0.766426004 0.416225540 0.250000000 0.156862745 0.111111111 0.172413793 0.098360656 0.254545455 0.269662921 0.606370062 0.333063224 0.371917624
0.626286620 0.672799995 0.677051451 0.492109337 0.428571429 0.333333333 0.055555556 0.068965517 0.114754098 0.145454545 0.449438202 0.601688343 0.112077503 0.414229025
0.697070490 0.752400004 0.761597325 0.443663919 0.232142857 0.215686275 0.250000000 0.172413793 0.245901639 0.145454545 0.348314607 0.592080767 0.451885465 0.461555035
0.638638180 0.623680002 0.717214865 0.502660982 0.303571429 0.294117647 0.111111111 0.068965517 0.196721311 0.181818182 0.370786517 0.664827575 0.157233837 0.470484461
0.699129065 0.695199987 0.749101848 0.435708426 0.303571429 0.313725490 0.138888889 0.103448276 0.163934426 0.272727273 0.415730337 0.601241844 0.490703226 0.486533574
0.689627870 0.728000012 0.739630284 0.437548457 0.357142857 0.294117647 0.055555556 0.034482759 0.311475410 0.145454545 0.280898876 0.611058309 0.096603221 0.429615449
0.686302470 0.682239995 0.777605030 0.435849000 0.339285714 0.294117647 0.111111111 0.103448276 0.311475410 0.181818182 0.359550562 0.535538502 0.163352321 0.442521571
0.611243097 0.660799995 0.700710666 0.486144702 0.375000000 0.274509804 0.083333333 0.172413793 0.229508197 0.200000000 0.325842697 0.669955794 0.388051549 0.400766537
0.680760103 0.671840003 0.825340124 0.370917402 0.267857143 0.431372549 0.166666667 0.000000000 0.196721311 0.181818182 0.528089888 0.430440050 0.009894017 0.597783761
0.623911331 0.633599978 0.669845800 0.528754151 0.303571429 0.313725490 0.138888889 0.137931034 0.180327869 0.109090909 0.404494382 0.717800454 0.763539997 0.486533574
0.734758518 0.777599996 0.860912007 0.317312094 0.250000000 0.254901961 0.194444444 0.034482759 0.295081967 0.254545455 0.292134831 0.411206620 0.185721403 0.483590852
0.593032456 0.609599978 0.607095476 0.573951815 0.339285714 0.313725490 0.194444444 0.034482759 0.245901639 0.200000000 0.359550562 0.777507383 0.390556566 0.458464362
0.663499612 0.702400003 0.711067578 0.502148631 0.321428571 0.313725490 0.027777778 0.000000000 0.245901639 0.181818182 0.370786517 0.668951822 0.063439757 0.472129370
0.751860655 0.748639996 0.801844597 0.410645582 0.107142857 0.196078431 0.277777778 0.034482759 0.147540984 0.090909091 0.258426966 0.582091968 0.066899161 0.614248602
0.748931130 0.735120004 0.746969878 0.458007422 0.285714286 0.254901961 0.222222222 0.172413793 0.213114754 0.109090909 0.382022472 0.611775058 0.470236916 0.450596476
0.662707862 0.648000010 0.842535827 0.351526798 0.339285714 0.352941176 0.083333333 0.137931034 0.262295082 0.127272727 0.382022472 0.451227091 0.185721403 0.488017030
0.678543175 0.664000011 0.803587431 0.402795602 0.321428571 0.058823529 0.138888889 0.068965517 0.163934426 0.000000000 0.438202247 0.543726941 0.224539163 0.164205116
0.607284269 0.592000009 0.656503105 0.553519971 0.321428571 0.333333333 0.000000000 0.172413793 0.213114754 0.163636364 0.438202247 0.734220414 0.212456257 0.487313274
0.736975454 0.723039988 0.771163118 0.419744519 0.303571429 0.352941176 0.111111111 0.068965517 0.213114754 0.163636364 0.438202247 0.536977223 0.066899161 0.516162187
0.682343642 0.667840003 0.814976343 0.392628964 0.285714286 0.352941176 0.111111111 0.137931034 0.196721311 0.109090909 0.370786517 0.507021273 0.333063224 0.531346091
0.736421218 0.728079996 0.782038329 0.430124499 0.232142857 0.254901961 0.250000000 0.241379310 0.180327869 0.145454545 0.393258427 0.577141305 0.066899161 0.501737730
0.526524168 0.566400001 0.669604413 0.518601736 0.339285714 0.372549020 0.138888889 0.068965517 0.213114754 0.127272727 0.426966292 0.693197277 0.672651096 0.501737730
0.705938257 0.709280003 0.828244962 0.374002421 0.232142857 0.450980392 0.027777778 0.034482759 0.147540984 0.109090909 0.483146067 0.463815248 0.824170613 0.642376320
0.680601749 0.694879979 0.766733236 0.442005147 0.267857143 0.254901961 0.138888889 0.068965517 0.245901639 0.109090909 0.348314607 0.566365258 0.194404928 0.466578083
0.490894684 0.544000009 0.569303089 0.579833097 0.357142857 0.313725490 0.027777778 0.172413793 0.262295082 0.181818182 0.348314607 0.856463409 0.188286444 0.445482295
0.638004751 0.660639995 0.693992885 0.506737626 0.339285714 0.294117647 0.138888889 0.137931034 0.262295082 0.163636364 0.415730337 0.659422579 0.009894017 0.442521571
0.765637393 0.752000012 0.886786142 0.267522790 0.357142857 0.156862745 0.055555556 0.172413793 0.196721311 0.000000000 0.247191011 0.404300236 0.224539163 0.290779847
0.563737160 0.588000009 0.713180303 0.476733194 0.321428571 0.294117647 0.138888889 0.034482759 0.229508197 0.200000000 0.325842697 0.665727103 0.215425463 0.456125261
0.803404597 0.791760005 0.821848160 0.377663628 0.267857143 0.058823529 0.027777778 0.482758621 0.147540984 0.000000000 0.078651685 0.645489700 1.000000000 0.194889644
0.579572472 0.582400001 0.656182067 0.540425096 0.339285714 0.313725490 0.111111111 0.241379310 0.278688525 0.200000000 0.404494382 0.721995201 0.276056079 0.458464362
0.761678565 0.791999997 0.852882675 0.341054205 0.285714286 0.254901961 0.138888889 0.172413793 0.213114754 0.254545455 0.348314607 0.521621290 0.066899161 0.450596476
0.749802080 0.745599980 0.810522797 0.403649630 0.267857143 0.313725490 0.083333333 0.103448276 0.163934426 0.200000000 0.370786517 0.503079803 0.185721403 0.517810471
0.697545526 0.700799995 0.737038065 0.514918368 0.285714286 0.274509804 0.250000000 0.172413793 0.262295082 0.200000000 0.303370787 0.696796691 0.004483820 0.468646033
0.655581956 0.640799994 0.673044818 0.538608550 0.303571429 0.372549020 0.111111111 0.034482759 0.278688525 0.236363636 0.426966292 0.739664577 0.264295304 0.529865448
0.647664300 0.647199986 0.687201971 0.512196526 0.125000000 0.078431373 0.138888889 0.068965517 0.081967213 0.090909091 0.617977528 0.694056332 0.451885465 0.389226859
0.685985756 0.718720011 0.753895540 0.458951418 0.267857143 0.274509804 0.166666667 0.034482759 0.344262295 0.000000000 0.415730337 0.533463976 0.066899161 0.484690646
0.603325441 0.593599977 0.719317262 0.488454745 0.339285714 0.352941176 0.027777778 0.172413793 0.147540984 0.254545455 0.438202247 0.621304301 0.333063224 0.488017030
0.611243097 0.596000010 0.714793640 0.499366921 0.303571429 0.333333333 0.111111111 0.068965517 0.147540984 0.200000000 0.393258427 0.670480627 0.048463676 0.501737730
0.733966768 0.724799996 0.854125521 0.328073773 0.267857143 0.294117647 0.083333333 0.103448276 0.180327869 0.254545455 0.314606742 0.479147682 0.224539163 0.501737730
0.620744253 0.680799995 0.673403412 0.566880780 0.250000000 0.078431373 0.055555556 0.068965517 0.114754098 0.000000000 0.786516854 0.494598921 0.145473062 0.246031460
0.644497221 0.638400002 0.738624175 0.468777371 0.339285714 0.352941176 0.083333333 0.137931034 0.196721311 0.145454545 0.382022472 0.630691239 0.096603221 0.488017030
0.693586698 0.705599979 0.790191396 0.425069129 0.357142857 0.333333333 0.000000000 0.206896552 0.180327869 0.254545455 0.404494382 0.536692612 0.115771003 0.460575066
0.629453698 0.658400003 0.817195545 0.384353624 0.285714286 0.372549020 0.138888889 0.034482759 0.229508197 0.236363636 0.382022472 0.457568170 0.539573067 0.545011099
0.699920815 0.723199988 0.673014336 0.541271516 0.303571429 0.254901961 0.111111111 0.103448276 0.229508197 0.218181818 0.337078652 0.719036814 0.214729180 0.435554898
0.544418055 0.538879977 0.636379268 0.569946946 0.321428571 0.294117647 0.138888889 0.103448276 0.262295082 0.181818182 0.393258427 0.754718927 0.163584415 0.456125261
0.625178156 0.637280002 0.728539277 0.476889975 0.303571429 0.294117647 0.083333333 0.206896552 0.262295082 0.200000000 0.359550562 0.630691239 0.339181708 0.470484461
0.706888368 0.707039987 0.787554058 0.413826191 0.357142857 0.215686275 0.055555556 0.068965517 0.245901639 0.163636364 0.292134831 0.545213967 0.066899161 0.357080815
0.546872536 0.603199986 0.641037878 0.598983568 0.339285714 0.215686275 0.055555556 0.103448276 0.262295082 0.400000000 0.640449438 0.590698184 0.076467046 0.369372066
0.626286620 0.640799994 0.654494792 0.538059154 0.303571429 0.313725490 0.111111111 0.172413793 0.245901639 0.127272727 0.382022472 0.702797020 0.157233837 0.486533574
0.543151230 0.531519993 0.547713065 0.607800034 0.267857143 0.039215686 0.055555556 0.034482759 0.163934426 0.181818182 0.595505618 0.815222245 0.457863893 0.153489581
0.703879643 0.698400003 0.749495686 0.441074051 0.267857143 0.313725490 0.166666667 0.241379310 0.147540984 0.200000000 0.337078652 0.630291739 0.666530611 0.517810471
