1.000 85.000 66.000 29.000 0.000 26.600 0.351 31.000
1.000 89.000 66.000 23.000 94.000 28.100 0.167 21.000
5.000 116.000 74.000 0.000 0.000 25.600 0.201 30.000
10.000 115.000 0.000 0.000 0.000 35.300 0.134 29.000
4.000 110.000 92.000 0.000 0.000 37.600 0.191 30.000
10.000 139.000 80.000 0.000 0.000 27.100 1.441 57.000
1.000 103.000 30.000 38.000 83.000 43.300 0.183 33.000
3.000 126.000 88.000 41.000 235.000 39.300 0.704 27.000
8.000 99.000 84.000 0.000 0.000 35.400 0.388 50.000
1.000 97.000 66.000 15.000 140.000 23.200 0.487 22.000
13.000 145.000 82.000 19.000 110.000 22.200 0.245 57.000
5.000 117.000 92.000 0.000 0.000 34.100 0.337 38.000
5.000 109.000 75.000 26.000 0.000 36.000 0.546 60.000
3.000 88.000 58.000 11.000 54.000 24.800 0.267 22.000
6.000 92.000 92.000 0.000 0.000 19.900 0.188 28.000
10.000 122.000 78.000 31.000 0.000 27.600 0.512 45.000
4.000 103.000 60.000 33.000 192.000 24.000 0.966 33.000
11.000 138.000 76.000 0.000 0.000 33.200 0.420 35.000
3.000 180.000 64.000 25.000 70.000 34.000 0.271 26.000
7.000 133.000 84.000 0.000 0.000 40.200 0.696 37.000
7.000 106.000 92.000 18.000 0.000 22.700 0.235 48.000
7.000 159.000 64.000 0.000 0.000 27.400 0.294 40.000
1.000 146.000 56.000 0.000 0.000 29.700 0.564 29.000
2.000 71.000 70.000 27.000 0.000 28.000 0.586 22.000
7.000 105.000 0.000 0.000 0.000 0.000 0.305 24.000
1.000 103.000 80.000 11.000 82.000 19.400 0.491 22.000
1.000 101.000 50.000 15.000 36.000 24.200 0.526 26.000
5.000 88.000 66.000 21.000 23.000 24.400 0.342 30.000
7.000 150.000 66.000 42.000 342.000 34.700 0.718 42.000
1.000 73.000 50.000 10.000 0.000 23.000 0.248 21.000
0.000 100.000 88.000 60.000 110.000 46.800 0.962 31.000
0.000 146.000 82.000 0.000 0.000 40.500 1.781 44.000
0.000 105.000 64.000 41.000 142.000 41.500 0.173 22.000
2.000 84.000 0.000 0.000 0.000 0.000 0.304 21.000
5.000 44.000 62.000 0.000 0.000 25.000 0.587 36.000
2.000 141.000 58.000 34.000 128.000 25.400 0.699 24.000
5.000 99.000 74.000 27.000 0.000 29.000 0.203 32.000
2.000 109.000 92.000 0.000 0.000 42.700 0.845 54.000
1.000 95.000 66.000 13.000 38.000 19.600 0.334 25.000
4.000 146.000 85.000 27.000 100.000 28.900 0.189 27.000
5.000 139.000 64.000 35.000 140.000 28.600 0.411 26.000
4.000 129.000 86.000 20.000 270.000 35.100 0.231 23.000
1.000 79.000 75.000 30.000 0.000 32.000 0.396 22.000
1.000 0.000 48.000 20.000 0.000 24.700 0.140 22.000
7.000 62.000 78.000 0.000 0.000 32.600 0.391 41.000
5.000 95.000 72.000 33.000 0.000 37.700 0.370 27.000
2.000 112.000 66.000 22.000 0.000 25.000 0.307 24.000
3.000 113.000 44.000 13.000 0.000 22.400 0.140 22.000
2.000 74.000 0.000 0.000 0.000 0.000 0.102 22.000
7.000 83.000 78.000 26.000 71.000 29.300 0.767 36.000
0.000 101.000 65.000 28.000 0.000 24.600 0.237 22.000
2.000 110.000 74.000 29.000 125.000 32.400 0.698 27.000
13.000 106.000 72.000 54.000 0.000 36.600 0.178 45.000
2.000 100.000 68.000 25.000 71.000 38.500 0.324 26.000
1.000 107.000 68.000 19.000 0.000 26.500 0.165 24.000
1.000 80.000 55.000 0.000 0.000 19.100 0.258 21.000
4.000 123.000 80.000 15.000 176.000 32.000 0.443 34.000
7.000 81.000 78.000 40.000 48.000 46.700 0.261 42.000
2.000 142.000 82.000 18.000 64.000 24.700 0.761 21.000
6.000 144.000 72.000 27.000 228.000 33.900 0.255 40.000
2.000 92.000 62.000 28.000 0.000 31.600 0.130 24.000
1.000 71.000 48.000 18.000 76.000 20.400 0.323 22.000
6.000 93.000 50.000 30.000 64.000 28.700 0.356 23.000
1.000 151.000 60.000 0.000 0.000 26.100 0.179 22.000
0.000 125.000 96.000 0.000 0.000 22.500 0.262 21.000
1.000 81.000 72.000 18.000 40.000 26.600 0.283 24.000
2.000 85.000 65.000 0.000 0.000 39.600 0.930 27.000
1.000 126.000 56.000 29.000 152.000 28.700 0.801 21.000
1.000 96.000 122.000 0.000 0.000 22.400 0.207 27.000
4.000 144.000 58.000 28.000 140.000 29.500 0.287 37.000
3.000 83.000 58.000 31.000 18.000 34.300 0.336 25.000
1.000 89.000 76.000 34.000 37.000 31.200 0.192 23.000
4.000 76.000 62.000 0.000 0.000 34.000 0.391 25.000
5.000 78.000 48.000 0.000 0.000 33.700 0.654 25.000
4.000 97.000 60.000 23.000 0.000 28.200 0.443 22.000
4.000 99.000 76.000 15.000 51.000 23.200 0.223 21.000
6.000 111.000 64.000 39.000 0.000 34.200 0.260 24.000
2.000 107.000 74.000 30.000 100.000 33.600 0.404 23.000
5.000 132.000 80.000 0.000 0.000 26.800 0.186 69.000
3.000 120.000 70.000 30.000 135.000 42.900 0.452 30.000
1.000 118.000 58.000 36.000 94.000 33.300 0.261 23.000
8.000 84.000 74.000 31.000 0.000 38.300 0.457 39.000
2.000 96.000 68.000 13.000 49.000 21.100 0.647 26.000
2.000 125.000 60.000 20.000 140.000 33.800 0.088 31.000
0.000 100.000 70.000 26.000 50.000 30.800 0.597 21.000
0.000 93.000 60.000 25.000 92.000 28.700 0.532 22.000
0.000 129.000 80.000 0.000 0.000 31.200 0.703 29.000
5.000 105.000 72.000 29.000 325.000 36.900 0.159 28.000
3.000 128.000 78.000 0.000 0.000 21.100 0.268 55.000
5.000 106.000 82.000 30.000 0.000 39.500 0.286 38.000
2.000 108.000 52.000 26.000 63.000 32.500 0.318 22.000
4.000 154.000 62.000 31.000 284.000 32.800 0.237 23.000
0.000 102.000 75.000 23.000 0.000 0.000 0.572 21.000
9.000 57.000 80.000 37.000 0.000 32.800 0.096 41.000
2.000 106.000 64.000 35.000 119.000 30.500 1.400 34.000
5.000 147.000 78.000 0.000 0.000 33.700 0.218 65.000
2.000 90.000 70.000 17.000 0.000 27.300 0.085 22.000
1.000 136.000 74.000 50.000 204.000 37.400 0.399 24.000
4.000 114.000 65.000 0.000 0.000 21.900 0.432 37.000
1.000 153.000 82.000 42.000 485.000 40.600 0.687 23.000
2.000 99.000 52.000 15.000 94.000 24.600 0.637 21.000
1.000 109.000 56.000 21.000 135.000 25.200 0.833 23.000
2.000 88.000 74.000 19.000 53.000 29.000 0.229 22.000
4.000 151.000 90.000 38.000 0.000 29.700 0.294 36.000
7.000 102.000 74.000 40.000 105.000 37.200 0.204 45.000
0.000 114.000 80.000 34.000 285.000 44.200 0.167 27.000
2.000 100.000 64.000 23.000 0.000 29.700 0.368 21.000
3.000 148.000 66.000 25.000 0.000 32.500 0.256 22.000
4.000 120.000 68.000 0.000 0.000 29.600 0.709 34.000
4.000 110.000 66.000 0.000 0.000 31.900 0.471 29.000
3.000 111.000 90.000 12.000 78.000 28.400 0.495 29.000
2.000 87.000 0.000 23.000 0.000 28.900 0.773 25.000
1.000 79.000 60.000 42.000 48.000 43.500 0.678 23.000
2.000 75.000 64.000 24.000 55.000 29.700 0.370 33.000
6.000 85.000 78.000 0.000 0.000 31.200 0.382 42.000
5.000 143.000 78.000 0.000 0.000 45.000 0.190 47.000
6.000 87.000 80.000 0.000 0.000 23.200 0.084 32.000
0.000 119.000 64.000 18.000 92.000 34.900 0.725 23.000
1.000 0.000 74.000 20.000 23.000 27.700 0.299 21.000
5.000 73.000 60.000 0.000 0.000 26.800 0.268 27.000
4.000 141.000 74.000 0.000 0.000 27.600 0.244 40.000
3.000 111.000 62.000 0.000 0.000 22.600 0.142 21.000
9.000 123.000 70.000 44.000 94.000 33.100 0.374 40.000
8.000 85.000 55.000 20.000 0.000 24.400 0.136 42.000
1.000 105.000 58.000 0.000 0.000 24.300 0.187 21.000
0.000 113.000 80.000 16.000 0.000 31.000 0.874 21.000
1.000 138.000 82.000 0.000 0.000 40.100 0.236 28.000
0.000 108.000 68.000 20.000 0.000 27.300 0.787 32.000
2.000 99.000 70.000 16.000 44.000 20.400 0.235 27.000
6.000 103.000 72.000 32.000 190.000 37.700 0.324 55.000
5.000 111.000 72.000 28.000 0.000 23.900 0.407 27.000
1.000 96.000 64.000 27.000 87.000 33.200 0.289 21.000
2.000 81.000 60.000 22.000 0.000 27.700 0.290 25.000
0.000 147.000 85.000 54.000 0.000 42.800 0.375 24.000
7.000 179.000 95.000 31.000 0.000 34.200 0.164 60.000
6.000 125.000 68.000 30.000 120.000 30.000 0.464 32.000
7.000 119.000 0.000 0.000 0.000 25.200 0.209 37.000
7.000 142.000 60.000 33.000 190.000 28.800 0.687 61.000
1.000 100.000 66.000 15.000 56.000 23.600 0.666 26.000
1.000 87.000 78.000 27.000 32.000 34.600 0.101 22.000
0.000 101.000 76.000 0.000 0.000 35.700 0.198 26.000
4.000 197.000 70.000 39.000 744.000 36.700 2.329 31.000
0.000 117.000 80.000 31.000 53.000 45.200 0.089 24.000
1.000 79.000 80.000 25.000 37.000 25.400 0.583 22.000
4.000 122.000 68.000 0.000 0.000 35.000 0.394 29.000
3.000 74.000 68.000 28.000 45.000 29.700 0.293 23.000
0.000 104.000 76.000 0.000 0.000 18.400 0.582 27.000
1.000 91.000 64.000 24.000 0.000 29.200 0.192 21.000
4.000 91.000 70.000 32.000 88.000 33.100 0.446 22.000
2.000 146.000 76.000 35.000 194.000 38.200 0.329 29.000
10.000 122.000 68.000 0.000 0.000 31.200 0.258 41.000
0.000 165.000 90.000 33.000 680.000 52.300 0.427 23.000
9.000 124.000 70.000 33.000 402.000 35.400 0.282 34.000
1.000 111.000 86.000 19.000 0.000 30.100 0.143 23.000
9.000 106.000 52.000 0.000 0.000 31.200 0.380 42.000
2.000 129.000 84.000 0.000 0.000 28.000 0.284 27.000
2.000 90.000 80.000 14.000 55.000 24.400 0.249 24.000
0.000 86.000 68.000 32.000 0.000 35.800 0.238 25.000
3.000 111.000 56.000 39.000 0.000 30.100 0.557 30.000
2.000 114.000 68.000 22.000 0.000 28.700 0.092 25.000
1.000 193.000 50.000 16.000 375.000 25.900 0.655 24.000
3.000 191.000 68.000 15.000 130.000 30.900 0.299 34.000
4.000 95.000 70.000 32.000 0.000 32.100 0.612 24.000
3.000 142.000 80.000 15.000 0.000 32.400 0.200 63.000
5.000 96.000 74.000 18.000 67.000 33.600 0.997 43.000
2.000 128.000 64.000 42.000 0.000 40.000 1.101 24.000
0.000 102.000 52.000 0.000 0.000 25.100 0.078 21.000
2.000 108.000 62.000 32.000 56.000 25.200 0.128 21.000
3.000 122.000 78.000 0.000 0.000 23.000 0.254 40.000
1.000 71.000 78.000 50.000 45.000 33.200 0.422 21.000
13.000 106.000 70.000 0.000 0.000 34.200 0.251 52.000
2.000 100.000 70.000 52.000 57.000 40.500 0.677 25.000
0.000 104.000 64.000 23.000 116.000 27.800 0.454 23.000
5.000 114.000 74.000 0.000 0.000 24.900 0.744 57.000
2.000 108.000 62.000 10.000 278.000 25.300 0.881 22.000
10.000 129.000 76.000 28.000 122.000 35.900 0.280 39.000
7.000 133.000 88.000 15.000 155.000 32.400 0.262 37.000
7.000 136.000 74.000 26.000 135.000 26.000 0.647 51.000
5.000 155.000 84.000 44.000 545.000 38.700 0.619 34.000
4.000 96.000 56.000 17.000 49.000 20.800 0.340 26.000
5.000 108.000 72.000 43.000 75.000 36.100 0.263 33.000
0.000 78.000 88.000 29.000 40.000 36.900 0.434 21.000
0.000 161.000 50.000 0.000 0.000 21.900 0.254 65.000
6.000 151.000 62.000 31.000 120.000 35.500 0.692 28.000
0.000 126.000 84.000 29.000 215.000 30.700 0.520 24.000
8.000 112.000 72.000 0.000 0.000 23.600 0.840 58.000
5.000 77.000 82.000 41.000 42.000 35.800 0.156 35.000
3.000 150.000 76.000 0.000 0.000 21.000 0.207 37.000
2.000 120.000 76.000 37.000 105.000 39.700 0.215 29.000
0.000 137.000 68.000 14.000 148.000 24.800 0.143 21.000
6.000 80.000 66.000 30.000 0.000 26.200 0.313 41.000
0.000 106.000 70.000 37.000 148.000 39.400 0.605 22.000
3.000 113.000 50.000 10.000 85.000 29.500 0.626 25.000
2.000 112.000 68.000 22.000 94.000 34.100 0.315 26.000
3.000 99.000 80.000 11.000 64.000 19.300 0.284 30.000
3.000 115.000 66.000 39.000 140.000 38.100 0.150 28.000
4.000 129.000 60.000 12.000 231.000 27.500 0.527 31.000
2.000 112.000 75.000 32.000 0.000 35.700 0.148 21.000
1.000 157.000 72.000 21.000 168.000 25.600 0.123 24.000
10.000 179.000 70.000 0.000 0.000 35.100 0.200 37.000
6.000 105.000 70.000 32.000 68.000 30.800 0.122 37.000
8.000 118.000 72.000 19.000 0.000 23.100 1.476 46.000
2.000 87.000 58.000 16.000 52.000 32.700 0.166 25.000
12.000 106.000 80.000 0.000 0.000 23.600 0.137 44.000
1.000 95.000 60.000 18.000 58.000 23.900 0.260 22.000
0.000 165.000 76.000 43.000 255.000 47.900 0.259 26.000
0.000 117.000 0.000 0.000 0.000 33.800 0.932 44.000
1.000 130.000 70.000 13.000 105.000 25.900 0.472 22.000
1.000 95.000 74.000 21.000 73.000 25.900 0.673 36.000
1.000 0.000 68.000 35.000 0.000 32.000 0.389 22.000
5.000 122.000 86.000 0.000 0.000 34.700 0.290 33.000
8.000 95.000 72.000 0.000 0.000 36.800 0.485 57.000
8.000 126.000 88.000 36.000 108.000 38.500 0.349 49.000
1.000 139.000 46.000 19.000 83.000 28.700 0.654 22.000
3.000 116.000 0.000 0.000 0.000 23.500 0.187 23.000
3.000 99.000 62.000 19.000 74.000 21.800 0.279 26.000
4.000 92.000 80.000 0.000 0.000 42.200 0.237 29.000
4.000 137.000 84.000 0.000 0.000 31.200 0.252 30.000
3.000 61.000 82.000 28.000 0.000 34.400 0.243 46.000
1.000 90.000 62.000 12.000 43.000 27.200 0.580 24.000
3.000 90.000 78.000 0.000 0.000 42.700 0.559 21.000
12.000 88.000 74.000 40.000 54.000 35.300 0.378 48.000
5.000 158.000 70.000 0.000 0.000 29.800 0.207 63.000
5.000 103.000 108.000 37.000 0.000 39.200 0.305 65.000
4.000 147.000 74.000 25.000 293.000 34.900 0.385 30.000
5.000 99.000 54.000 28.000 83.000 34.000 0.499 30.000
0.000 101.000 64.000 17.000 0.000 21.000 0.252 21.000
3.000 81.000 86.000 16.000 66.000 27.500 0.306 22.000
0.000 118.000 64.000 23.000 89.000 0.000 1.731 21.000
0.000 84.000 64.000 22.000 66.000 35.800 0.545 21.000
2.000 105.000 58.000 40.000 94.000 34.900 0.225 25.000
2.000 122.000 52.000 43.000 158.000 36.200 0.816 28.000
0.000 98.000 82.000 15.000 84.000 25.200 0.299 22.000
1.000 87.000 60.000 37.000 75.000 37.200 0.509 22.000
0.000 93.000 100.000 39.000 72.000 43.400 1.021 35.000
1.000 107.000 72.000 30.000 82.000 30.800 0.821 24.000
0.000 105.000 68.000 22.000 0.000 20.000 0.236 22.000
1.000 109.000 60.000 8.000 182.000 25.400 0.947 21.000
1.000 90.000 62.000 18.000 59.000 25.100 1.268 25.000
1.000 125.000 70.000 24.000 110.000 24.300 0.221 25.000
1.000 119.000 54.000 13.000 50.000 22.300 0.205 24.000
3.000 100.000 68.000 23.000 81.000 31.600 0.949 28.000
1.000 100.000 66.000 29.000 196.000 32.000 0.444 42.000
1.000 131.000 64.000 14.000 415.000 23.700 0.389 21.000
4.000 116.000 72.000 12.000 87.000 22.100 0.463 37.000
2.000 127.000 58.000 24.000 275.000 27.700 1.600 25.000
3.000 96.000 56.000 34.000 115.000 24.700 0.944 39.000
3.000 82.000 70.000 0.000 0.000 21.100 0.389 25.000
6.000 137.000 61.000 0.000 0.000 24.200 0.151 55.000
9.000 72.000 78.000 25.000 0.000 31.600 0.280 38.000
2.000 123.000 48.000 32.000 165.000 42.100 0.520 26.000
0.000 101.000 62.000 0.000 0.000 21.900 0.336 25.000
6.000 102.000 90.000 39.000 0.000 35.700 0.674 28.000
1.000 112.000 72.000 30.000 176.000 34.400 0.528 25.000
1.000 143.000 84.000 23.000 310.000 42.400 1.076 22.000
1.000 143.000 74.000 22.000 61.000 26.200 0.256 21.000
1.000 97.000 68.000 21.000 0.000 27.200 1.095 22.000
1.000 83.000 68.000 0.000 0.000 18.200 0.624 27.000
1.000 119.000 88.000 41.000 170.000 45.300 0.507 26.000
2.000 94.000 68.000 18.000 76.000 26.000 0.561 21.000
0.000 102.000 64.000 46.000 78.000 40.600 0.496 21.000
2.000 115.000 64.000 22.000 0.000 30.800 0.421 21.000
0.000 94.000 0.000 0.000 0.000 0.000 0.256 25.000
0.000 135.000 94.000 46.000 145.000 40.600 0.284 26.000
2.000 99.000 0.000 0.000 0.000 22.200 0.108 23.000
3.000 89.000 74.000 16.000 85.000 30.400 0.551 38.000
1.000 80.000 74.000 11.000 60.000 30.000 0.527 22.000
2.000 139.000 75.000 0.000 0.000 25.600 0.167 29.000
1.000 90.000 68.000 8.000 0.000 24.500 1.138 36.000
12.000 140.000 85.000 33.000 0.000 37.400 0.244 41.000
5.000 147.000 75.000 0.000 0.000 29.900 0.434 28.000
1.000 97.000 70.000 15.000 0.000 18.200 0.147 21.000
6.000 107.000 88.000 0.000 0.000 36.800 0.727 31.000
2.000 83.000 66.000 23.000 50.000 32.200 0.497 22.000
4.000 117.000 64.000 27.000 120.000 33.200 0.230 24.000
1.000 100.000 72.000 12.000 70.000 25.300 0.658 28.000
0.000 95.000 80.000 45.000 92.000 36.500 0.330 26.000
0.000 120.000 74.000 18.000 63.000 30.500 0.285 26.000
1.000 82.000 64.000 13.000 95.000 21.200 0.415 23.000
0.000 91.000 68.000 32.000 210.000 39.900 0.381 25.000
2.000 119.000 0.000 0.000 0.000 19.600 0.832 72.000
2.000 100.000 54.000 28.000 105.000 37.800 0.498 24.000
1.000 135.000 54.000 0.000 0.000 26.700 0.687 62.000
5.000 86.000 68.000 28.000 71.000 30.200 0.364 24.000
9.000 134.000 74.000 33.000 60.000 25.900 0.460 81.000
9.000 120.000 72.000 22.000 56.000 20.800 0.733 48.000
1.000 71.000 62.000 0.000 0.000 21.800 0.416 26.000
8.000 74.000 70.000 40.000 49.000 35.300 0.705 39.000
5.000 88.000 78.000 30.000 0.000 27.600 0.258 37.000
10.000 115.000 98.000 0.000 0.000 24.000 1.022 34.000
0.000 124.000 56.000 13.000 105.000 21.800 0.452 21.000
0.000 74.000 52.000 10.000 36.000 27.800 0.269 22.000
0.000 97.000 64.000 36.000 100.000 36.800 0.600 25.000
6.000 154.000 78.000 41.000 140.000 46.100 0.571 27.000
1.000 144.000 82.000 40.000 0.000 41.300 0.607 28.000
0.000 137.000 70.000 38.000 0.000 33.200 0.170 22.000
0.000 119.000 66.000 27.000 0.000 38.800 0.259 22.000
7.000 136.000 90.000 0.000 0.000 29.900 0.210 50.000
4.000 114.000 64.000 0.000 0.000 28.900 0.126 24.000
0.000 137.000 84.000 27.000 0.000 27.300 0.231 59.000
7.000 114.000 76.000 17.000 110.000 23.800 0.466 31.000
8.000 126.000 74.000 38.000 75.000 25.900 0.162 39.000
4.000 132.000 86.000 31.000 0.000 28.000 0.419 63.000
0.000 123.000 88.000 37.000 0.000 35.200 0.197 29.000
4.000 85.000 58.000 22.000 49.000 27.800 0.306 28.000
0.000 84.000 82.000 31.000 125.000 38.200 0.233 23.000
1.000 139.000 62.000 41.000 480.000 40.700 0.536 21.000
0.000 173.000 78.000 32.000 265.000 46.500 1.159 58.000
4.000 99.000 72.000 17.000 0.000 25.600 0.294 28.000
8.000 194.000 80.000 0.000 0.000 26.100 0.551 67.000
2.000 83.000 65.000 28.000 66.000 36.800 0.629 24.000
2.000 89.000 90.000 30.000 0.000 33.500 0.292 42.000
4.000 99.000 68.000 38.000 0.000 32.800 0.145 33.000
3.000 80.000 0.000 0.000 0.000 0.000 0.174 22.000
6.000 166.000 74.000 0.000 0.000 26.600 0.304 66.000
5.000 110.000 68.000 0.000 0.000 26.000 0.292 30.000
2.000 81.000 72.000 15.000 76.000 30.100 0.547 25.000
6.000 154.000 74.000 32.000 193.000 29.300 0.839 39.000
2.000 117.000 90.000 19.000 71.000 25.200 0.313 21.000
3.000 84.000 72.000 32.000 0.000 37.200 0.267 28.000
7.000 94.000 64.000 25.000 79.000 33.300 0.738 41.000
3.000 96.000 78.000 39.000 0.000 37.300 0.238 40.000
10.000 75.000 82.000 0.000 0.000 33.300 0.263 38.000
1.000 130.000 60.000 23.000 170.000 28.600 0.692 21.000
2.000 84.000 50.000 23.000 76.000 30.400 0.968 21.000
8.000 120.000 78.000 0.000 0.000 25.000 0.409 64.000
0.000 139.000 62.000 17.000 210.000 22.100 0.207 21.000
9.000 91.000 68.000 0.000 0.000 24.200 0.200 58.000
2.000 91.000 62.000 0.000 0.000 27.300 0.525 22.000
3.000 99.000 54.000 19.000 86.000 25.600 0.154 24.000
7.000 125.000 86.000 0.000 0.000 37.600 0.304 51.000
13.000 76.000 60.000 0.000 0.000 32.800 0.180 41.000
6.000 129.000 90.000 7.000 326.000 19.600 0.582 60.000
2.000 68.000 70.000 32.000 66.000 25.000 0.187 25.000
3.000 124.000 80.000 33.000 130.000 33.200 0.305 26.000
6.000 114.000 0.000 0.000 0.000 0.000 0.189 26.000
3.000 125.000 58.000 0.000 0.000 31.600 0.151 24.000
3.000 87.000 60.000 18.000 0.000 21.800 0.444 21.000
1.000 97.000 64.000 19.000 82.000 18.200 0.299 21.000
3.000 116.000 74.000 15.000 105.000 26.300 0.107 24.000
0.000 117.000 66.000 31.000 188.000 30.800 0.493 22.000
0.000 111.000 65.000 0.000 0.000 24.600 0.660 31.000
2.000 122.000 60.000 18.000 106.000 29.800 0.717 22.000
0.000 107.000 76.000 0.000 0.000 45.300 0.686 24.000
1.000 86.000 66.000 52.000 65.000 41.300 0.917 29.000
6.000 91.000 0.000 0.000 0.000 29.800 0.501 31.000
1.000 77.000 56.000 30.000 56.000 33.300 1.251 24.000
0.000 105.000 90.000 0.000 0.000 29.600 0.197 46.000
0.000 57.000 60.000 0.000 0.000 21.700 0.735 67.000
0.000 127.000 80.000 37.000 210.000 36.300 0.804 23.000
4.000 84.000 90.000 23.000 56.000 39.500 0.159 25.000
1.000 88.000 78.000 29.000 76.000 32.000 0.365 29.000
4.000 131.000 68.000 21.000 166.000 33.100 0.160 28.000
1.000 164.000 82.000 43.000 67.000 32.800 0.341 50.000
4.000 189.000 110.000 31.000 0.000 28.500 0.680 37.000
1.000 116.000 70.000 28.000 0.000 27.400 0.204 21.000
3.000 84.000 68.000 30.000 106.000 31.900 0.591 25.000
6.000 114.000 88.000 0.000 0.000 27.800 0.247 66.000
1.000 88.000 62.000 24.000 44.000 29.900 0.422 23.000
1.000 84.000 64.000 23.000 115.000 36.900 0.471 28.000
7.000 124.000 70.000 33.000 215.000 25.500 0.161 37.000
1.000 97.000 70.000 40.000 0.000 38.100 0.218 30.000
8.000 110.000 76.000 0.000 0.000 27.800 0.237 58.000
11.000 103.000 68.000 40.000 0.000 46.200 0.126 42.000
11.000 85.000 74.000 0.000 0.000 30.100 0.300 35.000
1.000 87.000 68.000 34.000 77.000 37.600 0.401 24.000
6.000 99.000 60.000 19.000 54.000 26.900 0.497 32.000
0.000 91.000 80.000 0.000 0.000 32.400 0.601 27.000
2.000 95.000 54.000 14.000 88.000 26.100 0.748 22.000
1.000 99.000 72.000 30.000 18.000 38.600 0.412 21.000
6.000 92.000 62.000 32.000 126.000 32.000 0.085 46.000
4.000 154.000 72.000 29.000 126.000 31.300 0.338 37.000
3.000 78.000 70.000 0.000 0.000 32.500 0.270 39.000
2.000 130.000 96.000 0.000 0.000 22.600 0.268 21.000
3.000 111.000 58.000 31.000 44.000 29.500 0.430 22.000
2.000 98.000 60.000 17.000 120.000 34.700 0.198 22.000
1.000 143.000 86.000 30.000 330.000 30.100 0.892 23.000
1.000 119.000 44.000 47.000 63.000 35.500 0.280 25.000
6.000 108.000 44.000 20.000 130.000 24.000 0.813 35.000
10.000 133.000 68.000 0.000 0.000 27.000 0.245 36.000
6.000 109.000 60.000 27.000 0.000 25.000 0.206 27.000
12.000 121.000 78.000 17.000 0.000 26.500 0.259 62.000
8.000 100.000 76.000 0.000 0.000 38.700 0.190 42.000
1.000 93.000 56.000 11.000 0.000 22.500 0.417 22.000
6.000 103.000 66.000 0.000 0.000 24.300 0.249 29.000
0.000 73.000 0.000 0.000 0.000 21.100 0.342 25.000
2.000 112.000 78.000 50.000 140.000 39.400 0.175 24.000
2.000 82.000 52.000 22.000 115.000 28.500 1.699 25.000
6.000 123.000 72.000 45.000 230.000 33.600 0.733 34.000
0.000 67.000 76.000 0.000 0.000 45.300 0.194 46.000
1.000 89.000 24.000 19.000 25.000 27.800 0.559 21.000
1.000 109.000 38.000 18.000 120.000 23.100 0.407 26.000
1.000 108.000 88.000 19.000 0.000 27.100 0.400 24.000
6.000 96.000 0.000 0.000 0.000 23.700 0.190 28.000
1.000 124.000 74.000 36.000 0.000 27.800 0.100 30.000
1.000 124.000 60.000 32.000 0.000 35.800 0.514 21.000
1.000 92.000 62.000 25.000 41.000 19.500 0.482 25.000
0.000 152.000 82.000 39.000 272.000 41.500 0.270 27.000
1.000 111.000 62.000 13.000 182.000 24.000 0.138 23.000
3.000 106.000 54.000 21.000 158.000 30.900 0.292 24.000
6.000 105.000 80.000 28.000 0.000 32.500 0.878 26.000
3.000 106.000 72.000 0.000 0.000 25.800 0.207 27.000
6.000 117.000 96.000 0.000 0.000 28.700 0.157 30.000
2.000 68.000 62.000 13.000 15.000 20.100 0.257 23.000
2.000 112.000 86.000 42.000 160.000 38.400 0.246 28.000
2.000 92.000 76.000 20.000 0.000 24.200 1.698 28.000
6.000 183.000 94.000 0.000 0.000 40.800 1.461 45.000
0.000 94.000 70.000 27.000 115.000 43.500 0.347 21.000
2.000 108.000 64.000 0.000 0.000 30.800 0.158 21.000
4.000 90.000 88.000 47.000 54.000 37.700 0.362 29.000
0.000 125.000 68.000 0.000 0.000 24.700 0.206 21.000
0.000 132.000 78.000 0.000 0.000 32.400 0.393 21.000
5.000 128.000 80.000 0.000 0.000 34.600 0.144 45.000
4.000 94.000 65.000 22.000 0.000 24.700 0.148 21.000
0.000 102.000 78.000 40.000 90.000 34.500 0.238 24.000
2.000 111.000 60.000 0.000 0.000 26.200 0.343 23.000
1.000 128.000 82.000 17.000 183.000 27.500 0.115 22.000
10.000 92.000 62.000 0.000 0.000 25.900 0.167 31.000
5.000 104.000 74.000 0.000 0.000 28.800 0.153 48.000
2.000 94.000 76.000 18.000 66.000 31.600 0.649 23.000
1.000 100.000 74.000 12.000 46.000 19.500 0.149 28.000
0.000 102.000 86.000 17.000 105.000 29.300 0.695 27.000
4.000 128.000 70.000 0.000 0.000 34.300 0.303 24.000
4.000 90.000 0.000 0.000 0.000 28.000 0.610 31.000
3.000 103.000 72.000 30.000 152.000 27.600 0.730 27.000
2.000 157.000 74.000 35.000 440.000 39.400 0.134 30.000
0.000 107.000 60.000 25.000 0.000 26.400 0.133 23.000
1.000 91.000 54.000 25.000 100.000 25.200 0.234 23.000
1.000 117.000 60.000 23.000 106.000 33.800 0.466 27.000
5.000 123.000 74.000 40.000 77.000 34.100 0.269 28.000
2.000 120.000 54.000 0.000 0.000 26.800 0.455 27.000
1.000 106.000 70.000 28.000 135.000 34.200 0.142 22.000
2.000 101.000 58.000 35.000 90.000 21.800 0.155 22.000
1.000 120.000 80.000 48.000 200.000 38.900 1.162 41.000
11.000 127.000 106.000 0.000 0.000 39.000 0.190 51.000
10.000 162.000 84.000 0.000 0.000 27.700 0.182 54.000
1.000 112.000 80.000 45.000 132.000 34.800 0.217 24.000
6.000 98.000 58.000 33.000 190.000 34.000 0.430 43.000
9.000 154.000 78.000 30.000 100.000 30.900 0.164 45.000
6.000 165.000 68.000 26.000 168.000 33.600 0.631 49.000
1.000 99.000 58.000 10.000 0.000 25.400 0.551 21.000
10.000 68.000 106.000 23.000 49.000 35.500 0.285 47.000
3.000 123.000 100.000 35.000 240.000 57.300 0.880 22.000
8.000 91.000 82.000 0.000 0.000 35.600 0.587 68.000
0.000 93.000 60.000 0.000 0.000 35.300 0.263 25.000
2.000 101.000 58.000 17.000 265.000 24.200 0.614 23.000
2.000 56.000 56.000 28.000 45.000 24.200 0.332 22.000
0.000 95.000 64.000 39.000 105.000 44.600 0.366 22.000
5.000 136.000 82.000 0.000 0.000 0.000 0.640 69.000
2.000 129.000 74.000 26.000 205.000 33.200 0.591 25.000
3.000 130.000 64.000 0.000 0.000 23.100 0.314 22.000
1.000 107.000 50.000 19.000 0.000 28.300 0.181 29.000
1.000 140.000 74.000 26.000 180.000 24.100 0.828 23.000
8.000 107.000 80.000 0.000 0.000 24.600 0.856 34.000
2.000 121.000 70.000 32.000 95.000 39.100 0.886 23.000
2.000 90.000 60.000 0.000 0.000 23.500 0.191 25.000
0.000 99.000 0.000 0.000 0.000 25.000 0.253 22.000
4.000 127.000 88.000 11.000 155.000 34.500 0.598 28.000
4.000 118.000 70.000 0.000 0.000 44.500 0.904 26.000
2.000 122.000 76.000 27.000 200.000 35.900 0.483 26.000
2.000 129.000 0.000 0.000 0.000 38.500 0.304 41.000
4.000 110.000 76.000 20.000 100.000 28.400 0.118 27.000
6.000 80.000 80.000 36.000 0.000 39.800 0.177 28.000
2.000 127.000 46.000 21.000 335.000 34.400 0.176 22.000
3.000 158.000 64.000 13.000 387.000 31.200 0.295 24.000
5.000 126.000 78.000 27.000 22.000 29.600 0.439 40.000
0.000 134.000 58.000 20.000 291.000 26.400 0.352 21.000
3.000 102.000 74.000 0.000 0.000 29.500 0.121 32.000
10.000 94.000 72.000 18.000 0.000 23.100 0.595 56.000
1.000 108.000 60.000 46.000 178.000 35.500 0.415 24.000
4.000 83.000 86.000 19.000 0.000 29.300 0.317 34.000
1.000 114.000 66.000 36.000 200.000 38.100 0.289 21.000
5.000 117.000 86.000 30.000 105.000 39.100 0.251 42.000
1.000 111.000 94.000 0.000 0.000 32.800 0.265 45.000
4.000 112.000 78.000 40.000 0.000 39.400 0.236 38.000
1.000 116.000 78.000 29.000 180.000 36.100 0.496 25.000
0.000 141.000 84.000 26.000 0.000 32.400 0.433 22.000
2.000 175.000 88.000 0.000 0.000 22.900 0.326 22.000
2.000 92.000 52.000 0.000 0.000 30.100 0.141 22.000
2.000 106.000 56.000 27.000 165.000 29.000 0.426 22.000
2.000 105.000 75.000 0.000 0.000 23.300 0.560 53.000
4.000 95.000 60.000 32.000 0.000 35.400 0.284 28.000
0.000 126.000 86.000 27.000 120.000 27.400 0.515 21.000
8.000 65.000 72.000 23.000 0.000 32.000 0.600 42.000
2.000 99.000 60.000 17.000 160.000 36.600 0.453 21.000
3.000 102.000 44.000 20.000 94.000 30.800 0.400 26.000
1.000 109.000 58.000 18.000 116.000 28.500 0.219 22.000
13.000 153.000 88.000 37.000 140.000 40.600 1.174 39.000
12.000 100.000 84.000 33.000 105.000 30.000 0.488 46.000
1.000 81.000 74.000 41.000 57.000 46.300 1.096 32.000
1.000 121.000 78.000 39.000 74.000 39.000 0.261 28.000
3.000 108.000 62.000 24.000 0.000 26.000 0.223 25.000
7.000 137.000 90.000 41.000 0.000 32.000 0.391 39.000
1.000 106.000 76.000 0.000 0.000 37.500 0.197 26.000
2.000 88.000 58.000 26.000 16.000 28.400 0.766 22.000
9.000 89.000 62.000 0.000 0.000 22.500 0.142 33.000
10.000 101.000 76.000 48.000 180.000 32.900 0.171 63.000
2.000 122.000 70.000 27.000 0.000 36.800 0.340 27.000
5.000 121.000 72.000 23.000 112.000 26.200 0.245 30.000
1.000 93.000 70.000 31.000 0.000 30.400 0.315 23.000
