6.000 148.000 72.000 35.000 0.000 33.600 0.627 50.000
8.000 183.000 64.000 0.000 0.000 23.300 0.672 32.000
0.000 137.000 40.000 35.000 168.000 43.100 2.288 33.000
3.000 78.000 50.000 32.000 88.000 31.000 0.248 26.000
2.000 197.000 70.000 45.000 543.000 30.500 0.158 53.000
8.000 125.000 96.000 0.000 0.000 0.000 0.232 54.000
10.000 168.000 74.000 0.000 0.000 38.000 0.537 34.000
1.000 189.000 60.000 23.000 846.000 30.100 0.398 59.000
5.000 166.000 72.000 19.000 175.000 25.800 0.587 51.000
7.000 100.000 0.000 0.000 0.000 30.000 0.484 32.000
0.000 118.000 84.000 47.000 230.000 45.800 0.551 31.000
7.000 107.000 74.000 0.000 0.000 29.600 0.254 31.000
1.000 115.000 70.000 30.000 96.000 34.600 0.529 32.000
7.000 196.000 90.000 0.000 0.000 39.800 0.451 41.000
9.000 119.000 80.000 35.000 0.000 29.000 0.263 29.000
11.000 143.000 94.000 33.000 146.000 36.600 0.254 51.000
10.000 125.000 70.000 26.000 115.000 31.100 0.205 41.000
7.000 147.000 76.000 0.000 0.000 39.400 0.257 43.000
3.000 158.000 76.000 36.000 245.000 31.600 0.851 28.000
9.000 102.000 76.000 37.000 0.000 32.900 0.665 46.000
2.000 90.000 68.000 42.000 0.000 38.200 0.503 27.000
4.000 111.000 72.000 47.000 207.000 37.100 1.390 56.000
9.000 171.000 110.000 24.000 240.000 45.400 0.721 54.000
0.000 180.000 66.000 39.000 0.000 42.000 1.893 25.000
7.000 103.000 66.000 32.000 0.000 39.100 0.344 31.000
8.000 176.000 90.000 34.000 300.000 33.700 0.467 58.000
7.000 187.000 68.000 39.000 304.000 37.700 0.254 41.000
8.000 133.000 72.000 0.000 0.000 32.900 0.270 39.000
7.000 114.000 66.000 0.000 0.000 32.800 0.258 42.000
0.000 109.000 88.000 30.000 0.000 32.500 0.855 38.000
2.000 100.000 66.000 20.000 90.000 32.900 0.867 28.000
13.000 126.000 90.000 0.000 0.000 43.400 0.583 42.000
0.000 131.000 0.000 0.000 0.000 43.200 0.270 26.000
5.000 137.000 108.000 0.000 0.000 48.800 0.227 37.000
15.000 136.000 70.000 32.000 110.000 37.100 0.153 43.000
4.000 134.000 72.000 0.000 0.000 23.800 0.277 60.000
1.000 122.000 90.000 51.000 220.000 49.700 0.325 31.000
1.000 163.000 72.000 0.000 0.000 39.000 1.222 33.000
0.000 95.000 85.000 25.000 36.000 37.400 0.247 24.000
3.000 171.000 72.000 33.000 135.000 33.300 0.199 24.000
8.000 155.000 62.000 26.000 495.000 34.000 0.543 46.000
7.000 160.000 54.000 32.000 175.000 30.500 0.588 39.000
4.000 146.000 92.000 0.000 0.000 31.200 0.539 61.000
5.000 124.000 74.000 0.000 0.000 34.000 0.220 38.000
0.000 162.000 76.000 56.000 100.000 53.200 0.759 25.000
0.000 113.000 76.000 0.000 0.000 33.300 0.278 23.000
1.000 88.000 30.000 42.000 99.000 55.000 0.496 26.000
1.000 117.000 88.000 24.000 145.000 34.500 0.403 40.000
0.000 105.000 84.000 0.000 0.000 27.900 0.741 62.000
4.000 173.000 70.000 14.000 168.000 29.700 0.361 33.000
9.000 122.000 56.000 0.000 0.000 33.300 1.114 33.000
3.000 170.000 64.000 37.000 225.000 34.500 0.356 30.000
10.000 108.000 66.000 0.000 0.000 32.400 0.272 42.000
9.000 156.000 86.000 28.000 155.000 34.300 1.189 42.000
8.000 188.000 78.000 0.000 0.000 47.900 0.137 43.000
7.000 152.000 88.000 44.000 0.000 50.000 0.337 36.000
17.000 163.000 72.000 41.000 114.000 40.900 0.817 47.000
0.000 131.000 88.000 0.000 0.000 31.600 0.743 32.000
6.000 104.000 74.000 18.000 156.000 29.900 0.722 41.000
6.000 102.000 82.000 0.000 0.000 30.800 0.180 36.000
6.000 134.000 70.000 23.000 130.000 35.400 0.542 29.000
8.000 179.000 72.000 42.000 130.000 32.700 0.719 36.000
0.000 129.000 110.000 46.000 130.000 67.100 0.319 26.000
5.000 130.000 82.000 0.000 0.000 39.100 0.956 37.000
7.000 194.000 68.000 28.000 0.000 35.900 0.745 41.000
8.000 181.000 68.000 36.000 495.000 30.100 0.615 60.000
1.000 128.000 98.000 41.000 58.000 32.000 1.321 33.000
8.000 109.000 76.000 39.000 114.000 27.900 0.640 31.000
5.000 139.000 80.000 35.000 160.000 31.600 0.361 25.000
7.000 159.000 66.000 0.000 0.000 30.400 0.383 36.000
11.000 135.000 0.000 0.000 0.000 52.300 0.578 40.000
5.000 158.000 84.000 41.000 210.000 39.400 0.395 29.000
3.000 107.000 62.000 13.000 48.000 22.900 0.678 23.000
4.000 109.000 64.000 44.000 99.000 34.800 0.905 26.000
4.000 148.000 60.000 27.000 318.000 30.900 0.150 29.000
8.000 196.000 76.000 29.000 280.000 37.500 0.605 57.000
5.000 162.000 104.000 0.000 0.000 37.700 0.151 52.000
7.000 184.000 84.000 33.000 0.000 35.500 0.355 41.000
0.000 140.000 65.000 26.000 130.000 42.600 0.431 24.000
9.000 112.000 82.000 32.000 175.000 34.200 0.260 36.000
12.000 151.000 70.000 40.000 271.000 41.800 0.742 38.000
5.000 109.000 62.000 41.000 129.000 35.800 0.514 25.000
5.000 85.000 74.000 22.000 0.000 29.000 1.224 32.000
5.000 112.000 66.000 0.000 0.000 37.800 0.261 41.000
0.000 177.000 60.000 29.000 478.000 34.600 1.072 21.000
2.000 158.000 90.000 0.000 0.000 31.600 0.805 66.000
3.000 162.000 52.000 38.000 0.000 37.200 0.652 24.000
4.000 142.000 86.000 0.000 0.000 44.000 0.645 22.000
6.000 134.000 80.000 37.000 370.000 46.200 0.238 46.000
4.000 171.000 72.000 0.000 0.000 43.600 0.479 26.000
7.000 181.000 84.000 21.000 192.000 35.900 0.586 51.000
0.000 179.000 90.000 27.000 0.000 44.100 0.686 23.000
9.000 164.000 84.000 21.000 0.000 30.800 0.831 32.000
3.000 139.000 54.000 0.000 0.000 25.600 0.402 22.000
6.000 119.000 50.000 22.000 176.000 27.100 1.318 33.000
9.000 184.000 85.000 15.000 0.000 30.000 1.213 49.000
12.000 92.000 62.000 7.000 258.000 27.600 0.926 44.000
1.000 113.000 64.000 35.000 0.000 33.600 0.543 21.000
11.000 155.000 76.000 28.000 150.000 33.300 1.353 51.000
3.000 141.000 0.000 0.000 0.000 30.000 0.761 27.000
4.000 123.000 62.000 0.000 0.000 32.000 0.226 35.000
0.000 138.000 0.000 0.000 0.000 36.300 0.933 25.000
2.000 146.000 0.000 0.000 0.000 27.500 0.240 28.000
10.000 101.000 86.000 37.000 0.000 45.600 1.136 38.000
7.000 106.000 60.000 24.000 0.000 26.500 0.296 29.000
0.000 146.000 70.000 0.000 0.000 37.900 0.334 28.000
7.000 161.000 86.000 0.000 0.000 30.400 0.165 47.000
2.000 108.000 80.000 0.000 0.000 27.000 0.259 52.000
1.000 119.000 86.000 39.000 220.000 45.600 0.808 29.000
0.000 107.000 62.000 30.000 74.000 36.600 0.757 25.000
2.000 128.000 78.000 37.000 182.000 43.300 1.224 31.000
1.000 128.000 48.000 45.000 194.000 40.500 0.613 24.000
2.000 146.000 70.000 38.000 360.000 28.000 0.337 29.000
14.000 100.000 78.000 25.000 184.000 36.600 0.412 46.000
0.000 167.000 0.000 0.000 0.000 32.300 0.839 30.000
2.000 144.000 58.000 33.000 135.000 31.600 0.422 25.000
5.000 115.000 98.000 0.000 0.000 52.900 0.209 28.000
10.000 161.000 68.000 23.000 132.000 25.500 0.326 47.000
0.000 128.000 68.000 19.000 180.000 30.500 1.391 25.000
2.000 124.000 68.000 28.000 205.000 32.900 0.875 30.000
2.000 155.000 74.000 17.000 96.000 26.600 0.433 27.000
7.000 109.000 80.000 31.000 0.000 35.900 1.127 43.000
3.000 182.000 74.000 0.000 0.000 30.500 0.345 29.000
6.000 194.000 78.000 0.000 0.000 23.500 0.129 59.000
3.000 112.000 74.000 30.000 0.000 31.600 0.197 25.000
0.000 124.000 70.000 20.000 0.000 27.400 0.254 36.000
13.000 152.000 90.000 33.000 29.000 26.800 0.731 43.000
1.000 122.000 64.000 32.000 156.000 35.100 0.692 30.000
2.000 102.000 86.000 36.000 120.000 45.500 0.127 23.000
1.000 180.000 0.000 0.000 0.000 43.300 0.282 41.000
5.000 115.000 76.000 0.000 0.000 31.200 0.343 44.000
9.000 152.000 78.000 34.000 171.000 34.200 0.893 33.000
7.000 178.000 84.000 0.000 0.000 39.900 0.331 41.000
5.000 0.000 80.000 32.000 0.000 41.000 0.346 37.000
9.000 165.000 88.000 0.000 0.000 30.400 0.302 49.000
1.000 125.000 50.000 40.000 167.000 33.300 0.962 28.000
13.000 129.000 0.000 30.000 0.000 39.900 0.569 44.000
1.000 196.000 76.000 36.000 249.000 36.500 0.875 29.000
5.000 189.000 64.000 33.000 325.000 31.200 0.583 29.000
4.000 146.000 78.000 0.000 0.000 38.500 0.520 67.000
6.000 124.000 72.000 0.000 0.000 27.600 0.368 29.000
1.000 133.000 102.000 28.000 140.000 32.800 0.234 45.000
3.000 173.000 82.000 48.000 465.000 38.400 2.137 25.000
12.000 140.000 82.000 43.000 325.000 39.200 0.528 58.000
4.000 156.000 75.000 0.000 0.000 48.300 0.238 32.000
5.000 116.000 74.000 29.000 0.000 32.300 0.660 35.000
8.000 105.000 100.000 36.000 0.000 43.300 0.239 45.000
5.000 144.000 82.000 26.000 285.000 32.000 0.452 58.000
5.000 166.000 76.000 0.000 0.000 45.700 0.340 27.000
4.000 158.000 78.000 0.000 0.000 32.900 0.803 31.000
0.000 131.000 66.000 40.000 0.000 34.300 0.196 22.000
3.000 193.000 70.000 31.000 0.000 34.900 0.241 25.000
4.000 95.000 64.000 0.000 0.000 32.000 0.161 31.000
5.000 136.000 84.000 41.000 88.000 35.000 0.286 35.000
5.000 168.000 64.000 0.000 0.000 32.900 0.135 41.000
4.000 115.000 72.000 0.000 0.000 28.900 0.376 46.000
8.000 197.000 74.000 0.000 0.000 25.900 1.191 39.000
1.000 172.000 68.000 49.000 579.000 42.400 0.702 28.000
0.000 138.000 60.000 35.000 167.000 34.600 0.534 21.000
3.000 173.000 84.000 33.000 474.000 35.700 0.258 22.000
4.000 144.000 82.000 32.000 0.000 38.500 0.554 37.000
3.000 129.000 64.000 29.000 115.000 26.400 0.219 28.000
8.000 151.000 78.000 32.000 210.000 42.900 0.516 36.000
4.000 184.000 78.000 39.000 277.000 37.000 0.264 31.000
1.000 181.000 64.000 30.000 180.000 34.100 0.328 38.000
1.000 95.000 82.000 25.000 180.000 35.000 0.233 43.000
0.000 141.000 0.000 0.000 0.000 42.400 0.205 29.000
0.000 189.000 104.000 25.000 0.000 34.300 0.435 41.000
8.000 108.000 70.000 0.000 0.000 30.500 0.955 33.000
4.000 117.000 62.000 12.000 0.000 29.700 0.380 30.000
0.000 180.000 78.000 63.000 14.000 59.400 2.420 25.000
0.000 104.000 64.000 37.000 64.000 33.600 0.510 22.000
2.000 134.000 70.000 0.000 0.000 28.900 0.542 23.000
14.000 175.000 62.000 30.000 0.000 33.600 0.212 38.000
10.000 148.000 84.000 48.000 237.000 37.600 1.001 51.000
8.000 120.000 0.000 0.000 0.000 30.000 0.183 38.000
2.000 105.000 80.000 45.000 191.000 33.700 0.711 29.000
3.000 158.000 70.000 30.000 328.000 35.500 0.344 35.000
0.000 145.000 0.000 0.000 0.000 44.200 0.630 31.000
0.000 135.000 68.000 42.000 250.000 42.300 0.365 24.000
4.000 125.000 70.000 18.000 122.000 28.900 1.144 45.000
7.000 195.000 70.000 33.000 145.000 25.100 0.163 55.000
6.000 0.000 68.000 41.000 0.000 39.000 0.727 41.000
0.000 180.000 90.000 26.000 90.000 36.500 0.314 35.000
12.000 84.000 72.000 31.000 0.000 29.700 0.297 46.000
3.000 163.000 70.000 18.000 105.000 31.600 0.268 28.000
9.000 145.000 88.000 34.000 165.000 30.300 0.771 53.000
9.000 130.000 70.000 0.000 0.000 34.200 0.652 45.000
4.000 132.000 0.000 0.000 0.000 32.900 0.302 23.000
3.000 129.000 92.000 49.000 155.000 36.400 0.968 32.000
8.000 100.000 74.000 40.000 215.000 39.400 0.661 43.000
3.000 128.000 72.000 25.000 190.000 32.400 0.549 27.000
10.000 90.000 85.000 32.000 0.000 34.900 0.825 56.000
8.000 186.000 90.000 35.000 225.000 34.500 0.423 37.000
5.000 187.000 76.000 27.000 207.000 43.600 1.034 53.000
6.000 125.000 76.000 0.000 0.000 33.800 0.121 54.000
0.000 198.000 66.000 32.000 274.000 41.300 0.502 28.000
0.000 121.000 66.000 30.000 165.000 34.300 0.203 33.000
2.000 118.000 80.000 0.000 0.000 42.900 0.693 21.000
2.000 197.000 70.000 99.000 0.000 34.700 0.575 62.000
0.000 151.000 90.000 46.000 0.000 42.100 0.371 21.000
8.000 124.000 76.000 24.000 600.000 28.700 0.687 52.000
8.000 143.000 66.000 0.000 0.000 34.900 0.129 41.000
3.000 176.000 86.000 27.000 156.000 33.300 1.154 52.000
11.000 111.000 84.000 40.000 0.000 46.800 0.925 45.000
3.000 132.000 80.000 0.000 0.000 34.400 0.402 44.000
0.000 188.000 82.000 14.000 185.000 32.000 0.682 22.000
1.000 173.000 74.000 0.000 0.000 36.800 0.088 38.000
7.000 150.000 78.000 29.000 126.000 35.200 0.692 54.000
4.000 183.000 0.000 0.000 0.000 28.400 0.212 36.000
1.000 181.000 78.000 42.000 293.000 40.000 1.258 22.000
3.000 174.000 58.000 22.000 194.000 32.900 0.593 36.000
7.000 168.000 88.000 42.000 321.000 38.200 0.787 40.000
11.000 138.000 74.000 26.000 144.000 36.100 0.557 50.000
9.000 112.000 82.000 24.000 0.000 28.200 1.282 50.000
0.000 119.000 0.000 0.000 0.000 32.400 0.141 24.000
7.000 114.000 64.000 0.000 0.000 27.400 0.732 34.000
13.000 104.000 72.000 0.000 0.000 31.200 0.465 38.000
7.000 97.000 76.000 32.000 91.000 40.900 0.871 32.000
6.000 147.000 80.000 0.000 0.000 29.500 0.178 50.000
1.000 167.000 74.000 17.000 144.000 23.400 0.447 33.000
0.000 179.000 50.000 36.000 159.000 37.800 0.455 22.000
11.000 136.000 84.000 35.000 130.000 28.300 0.260 42.000
2.000 155.000 52.000 27.000 540.000 38.700 0.240 25.000
3.000 80.000 82.000 31.000 70.000 34.200 1.292 27.000
1.000 199.000 76.000 43.000 0.000 42.900 1.394 22.000
8.000 167.000 106.000 46.000 231.000 37.600 0.165 43.000
9.000 145.000 80.000 46.000 130.000 37.900 0.637 40.000
6.000 115.000 60.000 39.000 0.000 33.700 0.245 40.000
4.000 145.000 82.000 18.000 0.000 32.500 0.235 70.000
10.000 111.000 70.000 27.000 0.000 27.500 0.141 40.000
6.000 195.000 70.000 0.000 0.000 30.900 0.328 31.000
9.000 156.000 86.000 0.000 0.000 24.800 0.230 53.000
3.000 121.000 52.000 0.000 0.000 36.000 0.127 25.000
0.000 162.000 76.000 36.000 0.000 49.600 0.364 26.000
4.000 125.000 80.000 0.000 0.000 32.300 0.536 27.000
1.000 144.000 82.000 46.000 180.000 46.100 0.335 46.000
13.000 158.000 114.000 0.000 0.000 42.300 0.257 44.000
7.000 129.000 68.000 49.000 125.000 38.500 0.439 43.000
7.000 142.000 90.000 24.000 480.000 30.400 0.128 43.000
3.000 169.000 74.000 19.000 125.000 29.900 0.268 31.000
6.000 125.000 78.000 31.000 0.000 27.600 0.565 49.000
1.000 168.000 88.000 29.000 0.000 35.000 0.905 52.000
10.000 115.000 0.000 0.000 0.000 0.000 0.261 30.000
9.000 164.000 78.000 0.000 0.000 32.800 0.148 45.000
2.000 93.000 64.000 32.000 160.000 38.000 0.674 23.000
10.000 129.000 62.000 36.000 0.000 41.200 0.441 38.000
7.000 187.000 50.000 33.000 392.000 33.900 0.826 34.000
3.000 173.000 78.000 39.000 185.000 33.800 0.970 31.000
5.000 97.000 76.000 27.000 0.000 35.600 0.378 52.000
1.000 149.000 68.000 29.000 127.000 29.300 0.349 42.000
3.000 130.000 78.000 23.000 79.000 28.400 0.323 34.000
8.000 120.000 86.000 0.000 0.000 28.400 0.259 22.000
2.000 174.000 88.000 37.000 120.000 44.500 0.646 24.000
1.000 102.000 74.000 0.000 0.000 39.500 0.293 42.000
11.000 120.000 80.000 37.000 150.000 42.300 0.785 48.000
9.000 140.000 94.000 0.000 0.000 32.700 0.734 45.000
1.000 147.000 94.000 41.000 0.000 49.300 0.358 27.000
3.000 187.000 70.000 22.000 200.000 36.400 0.408 36.000
6.000 162.000 62.000 0.000 0.000 24.300 0.178 50.000
4.000 136.000 70.000 0.000 0.000 31.200 1.182 22.000
0.000 181.000 88.000 44.000 510.000 43.300 0.222 26.000
8.000 154.000 78.000 32.000 0.000 32.400 0.443 45.000
1.000 128.000 88.000 39.000 110.000 36.500 1.057 37.000
0.000 123.000 72.000 0.000 0.000 36.300 0.258 52.000
6.000 190.000 92.000 0.000 0.000 35.500 0.278 66.000
9.000 170.000 74.000 31.000 0.000 44.000 0.403 43.000
1.000 126.000 60.000 0.000 0.000 30.100 0.349 47.000
